.Random.seed <-
c(403L, 10L, 896868633L, 2019140011L, 1093459866L, -1072451748L, 
-1573773729L, 751980085L, 1168190924L, -1511297758L, 590550909L, 
-245945225L, -1024986722L, 615712856L, -92097093L, 1210006361L, 
507177192L, 899787030L, -1846330735L, 470955843L, -60194222L, 
-1523694364L, 1116319527L, 608242557L, 439692916L, 1506963546L, 
1511680165L, 1848933055L, -1648049850L, 1760262096L, -1148345869L, 
-228717295L, 704244032L, 1947695390L, -1098547735L, -674205925L, 
13433130L, -1837723060L, -1172869617L, -1634860731L, 1770056444L, 
-408665774L, -1756305715L, 438607495L, 24717678L, 1263117128L, 
-1940793525L, -1466573143L, 476988408L, -1535042778L, 1410468929L, 
1366031827L, -67440766L, -268360780L, 705338167L, 1528396333L, 
826489668L, -29519766L, 891710165L, -361581457L, 140946806L, 
861173408L, 1360261987L, -765405183L, -1762516112L, 1781779214L, 
-1984010887L, -232439541L, 803668538L, 60119356L, -2062682497L, 
-1663083051L, 658920428L, 1924023618L, -276194659L, -1895123177L, 
-179956098L, 1993823800L, -1108037349L, 1149490809L, 188224200L, 
549528310L, 864119601L, 8067939L, -2111885006L, 1217319556L, 
-2104115513L, 1520747933L, 705564948L, -2023440454L, 672774661L, 
2017971167L, 944267878L, -2049090064L, 1626893075L, -48401231L, 
-576272544L, -802028290L, 278463625L, -1577802821L, 1465994634L, 
-1753543572L, 1093051887L, 1503215141L, -2115970340L, -159559502L, 
1691706285L, 1811322727L, 1800463502L, -1679859352L, 478667115L, 
1403966217L, 2119730584L, 313619654L, -467481055L, -821072205L, 
143627298L, -679129580L, -1504361833L, 924130445L, 848695716L, 
1980939146L, 60086261L, -1797138865L, 1180758358L, -57975808L, 
-513780413L, -1236625183L, -1854131632L, 674713262L, -784688551L, 
834151019L, 30754778L, -432445284L, -1175147873L, 1895762165L, 
-541519476L, -547283870L, -125932483L, -1143202121L, 908541278L, 
600712344L, -851406853L, -1845520999L, -905714136L, -47522090L, 
-237651119L, -1086644733L, 854638994L, -935026908L, -1362308633L, 
-2075820483L, 560310452L, 1420803866L, -721144731L, 429276415L, 
20917638L, -1122131184L, -2142996557L, -455386031L, -480968704L, 
2133962974L, -226784471L, 499971803L, -1243634198L, 1327443340L, 
914195151L, -1205469563L, -322659012L, 500162578L, 1450135309L, 
-674108345L, 1348165166L, 1087317896L, 1999811211L, -1311030167L, 
117467192L, 560570598L, 834857089L, 388222995L, 1470224322L, 
1008971892L, -2122283401L, -1926047891L, 624707588L, 1723835178L, 
1674533013L, -1364031697L, -1423397322L, -986908064L, -1306277725L, 
-469111871L, 1044096944L, 84611790L, -861327303L, -1985812917L, 
-1557402630L, -2074372356L, 261143359L, 1049703445L, -866570452L, 
-512146430L, -1487296803L, 486823383L, -891363138L, -1841343752L, 
-362333989L, -645100743L, -95453560L, 2120149558L, 821895793L, 
-669902685L, -730680846L, 371990852L, -653067769L, 1062111197L, 
628334804L, 763805690L, 2035234629L, -823250017L, -177088218L, 
68266416L, -1853791661L, -478425743L, -768549728L, 591428670L, 
84718409L, 1957102075L, 1572185546L, -1487836228L, 242150706L, 
-1646168896L, -1127088588L, 1814025928L, 79154874L, -1644713840L, 
-213423380L, -775024044L, -761162094L, 353962784L, 1674644428L, 
1152738528L, 254175938L, -996909016L, 1622516652L, 2024374972L, 
956681714L, 67014192L, -1575811164L, -1338505800L, 1737410394L, 
-438900592L, 1276658556L, -373605612L, 3293506L, 1825215232L, 
1635104700L, 1725203280L, -1637798622L, -208468408L, 1617643532L, 
9369692L, -1956462126L, -444898816L, -734938796L, 1817863400L, 
-1592951558L, -1209712944L, -2113276628L, 1016707316L, 930094482L, 
-1038380704L, 426020876L, 1481238240L, -425014686L, -1271265624L, 
-1845922228L, -780319876L, 373495090L, 444905072L, -1707300028L, 
-819399720L, 1751347066L, -1453061584L, -529425476L, -948207020L, 
-1958632382L, -1400037216L, 625912508L, -1529811504L, -150833310L, 
1839983336L, 1033761996L, 1597062652L, -1931908622L, -803879296L, 
558401012L, 1352839816L, -1026404550L, -216813744L, 1314192492L, 
2145039764L, -900082606L, 1331386848L, 50490572L, 1313773728L, 
414235010L, -1276393240L, 216140524L, -1547455172L, 1735849074L, 
1900727408L, 2144039972L, 1765900344L, 1632711450L, -888871728L, 
-1156873412L, -1229107308L, 293681026L, -356180544L, -789278148L, 
-668722800L, -1702387166L, 785923336L, -586243444L, -572086500L, 
-1553262446L, -325248L, -896964076L, -1461308632L, 970423866L, 
14778832L, -624802452L, -484238412L, 1628032018L, -741443104L, 
-1466336308L, -1129383712L, 1296871458L, -97669848L, 74534412L, 
1218390844L, -1034132494L, -1578512656L, -2092641724L, 790089304L, 
999977786L, -1398709776L, 1028488892L, -1485386476L, -1120938302L, 
-270346144L, -1103313028L, 587213776L, -436663006L, 1935169192L, 
367274892L, 733912252L, 1653688114L, -1887872448L, -1630953292L, 
1004423752L, 2020347322L, 486466064L, -1001924884L, 563197268L, 
-659000046L, -1280763488L, 1655043788L, 2064748128L, -68650046L, 
160705320L, -707691604L, 381271868L, -138453646L, -1488990416L, 
-1755712220L, 1697350456L, -1093140774L, -1599149168L, 686168828L, 
641729428L, 1354899522L, -2101739264L, -307389380L, 1456411984L, 
-1801211742L, 1535944008L, 925879052L, 1677191900L, 1072288082L, 
1318881408L, 1683631188L, -968408088L, -956130054L, 1086685008L, 
1502754604L, -717849228L, -295731310L, -506405792L, 234702220L, 
-328420512L, -2038737438L, -476724312L, 1307101388L, -1226910724L, 
974012850L, -1054167568L, 350666692L, 1874938200L, -864420486L, 
-128047184L, 820477372L, -37079980L, -656943166L, 1997195296L, 
-1546436420L, 1493874256L, -826329118L, -1098114968L, 1707276364L, 
2025514236L, -289544206L, 310418688L, -436173452L, -521371640L, 
1824940986L, 574981584L, -605454356L, 170395028L, 1670218194L, 
1006524768L, -1413833908L, 1450909984L, -20297854L, 999669480L, 
2124638444L, -2072688580L, -842469518L, 465899120L, 1812507684L, 
2009685816L, 2102127770L, -328494384L, 457167036L, -869454188L, 
-337400190L, 1434919104L, 1736681276L, 2109149328L, -163402206L, 
1198173192L, 1908526348L, -2063045476L, 1795551762L, -881577088L, 
-1496344956L, -1962753995L, -342912993L, 949147512L, 1240870486L, 
-349871389L, -191527771L, 643747138L, -828630224L, 1126612825L, 
1807815883L, -1774009028L, 1487835498L, -1253344353L, -1483991511L, 
-1222076226L, 1762550188L, -318382339L, 1207159367L, 1418422576L, 
-525381042L, -300377477L, -1433409059L, -978124790L, -1276640984L, 
-773038191L, 67506563L, -1466618236L, 455429298L, 897215495L, 
-55576495L, -206288938L, 1660044980L, 538236613L, -524195825L, 
1605556360L, 1758292390L, 1576358227L, -2134465867L, 165353490L, 
823826912L, -1246024631L, -398747013L, -1489476788L, 297871066L, 
735877839L, -1891104103L, 970098350L, -1295625284L, -1574073299L, 
774505431L, 133425696L, -1573491842L, -158501557L, -600344755L, 
399441274L, -766197832L, 145524065L, -1464788717L, -794996428L, 
-48846014L, 1441213271L, 315804321L, -1098986650L, 1263625572L, 
468676757L, -795803201L, -672074408L, 2053229430L, 1046636931L, 
-1714844731L, -1639739166L, 920626512L, 1492976761L, 1974589355L, 
-11395812L, 614562378L, -231694785L, -1197968759L, -747727202L, 
-1190550708L, -216407267L, 377451175L, -1185777200L, 1111142766L, 
-1138467813L, -703728259L, 1708573546L, -1565567480L, -1611732303L, 
-963537629L, 443811364L, -359723822L, 467225895L, 1362847601L, 
187073974L, -2125238956L, 960695269L, -220195345L, 672644392L, 
-1434645114L, -672020045L, 1299203349L, 179791730L, -1344224320L, 
-1152957399L, -1160916837L, 9780588L, -1957452422L, -2055551313L, 
-1081856583L, -1179799602L, 1608507164L, 1155387021L, -184045833L, 
663101952L, 802090078L, -1271771349L, -31138771L, -1176531814L, 
-342818728L, 209659841L, -1543264141L, 1098826132L, 139202594L, 
2079913783L, 358611457L, -2004991226L, 492277572L, -1724292491L, 
-1196403745L, 1826215736L, 932450582L, -655864541L, 1923653349L, 
566290178L, 674942320L, 708693273L, -1583463157L, -115759620L, 
88915498L, 1052616287L, 722171369L, 1022781182L, 2033325804L, 
988898877L, -1172613625L, 1159477744L, 1565518222L, 1263927227L, 
